source_id	target_id	similarity
2784	432639	0.9756298065185547
2784	246826	0.9741495847702026
2784	58313	0.9460574984550476
2784	15418	0.9450805187225342
2784	77053	0.9448840618133545
2784	110963	0.9443966746330261
2784	86110	0.9442565441131592
2784	400628	0.9429426789283752
2784	90523	0.9417185187339783
2784	243027	0.9396040439605713
2784	203638	0.9391239881515503
2784	260767	0.938685417175293
2784	180681	0.9349730014801025
2784	222768	0.9235950112342834
2784	272195	0.9230145215988159
2784	337519	0.921829342842102
2784	480018	0.9217677116394043
2784	282191	0.9213767647743225
2784	233651	0.9211759567260742
2784	160392	0.9204083681106567
12057	460560	0.9403728246688843
12057	19	0.9352673292160034
12057	178184	0.8846608996391296
12057	259131	0.8840891122817993
12057	244537	0.8840737342834473
12057	70568	0.8840520977973938
12057	214322	0.8174031972885132
12057	139892	0.8137658834457397
12057	271520	0.8132127523422241
12057	417027	0.8123922348022461
12057	24168	0.8013404607772827
12057	423701	0.7691473364830017
12057	444517	0.7687350511550903
12057	151418	0.7684509754180908
12057	176020	0.7682696580886841
12057	262194	0.768091082572937
12057	153060	0.5975396633148193
12057	389695	0.5973648428916931
12057	344949	0.5973232388496399
12057	45941	0.5973087549209595
19620	441274	0.5560630559921265
19620	263936	0.5476177930831909
19620	470997	0.533859372138977
19620	78496	0.5306445956230164
19620	301310	0.510499119758606
19620	360646	0.49575960636138916
19620	425501	0.49486199021339417
19620	95403	0.4943270683288574
19620	356556	0.49424710869789124
19620	183595	0.4904134273529053
19620	445956	0.4896421730518341
19620	304201	0.4896049201488495
19620	95253	0.4890173375606537
19620	387822	0.4879831075668335
19620	223654	0.48578891158103943
19620	165349	0.4837314784526825
19620	274151	0.47990885376930237
19620	336760	0.47856631875038147
19620	111506	0.4779489040374756
19620	80674	0.4768128991127014
23768	103395	0.7033684253692627
23768	41205	0.6698403358459473
23768	430074	0.6431812644004822
23768	6849	0.6383948922157288
23768	372635	0.6257002353668213
23768	273425	0.6071033477783203
23768	463273	0.6050883531570435
23768	314137	0.604972779750824
23768	182482	0.5762115716934204
23768	393956	0.5398263931274414
23768	167259	0.5387465357780457
23768	229571	0.5364761352539062
23768	324716	0.5335780382156372
23768	281142	0.5317169427871704
23768	12001	0.5276687145233154
23768	458044	0.5250573754310608
23768	393220	0.5234332084655762
23768	78568	0.5231043100357056
23768	46038	0.5228963494300842
23768	276132	0.5226190090179443
23814	108580	0.8707059621810913
23814	95868	0.8460103869438171
23814	61448	0.8446259498596191
23814	477252	0.8322077989578247
23814	75642	0.7874513268470764
23814	54978	0.7643527984619141
23814	337787	0.7577598094940186
23814	98330	0.7508323192596436
23814	370821	0.7441456317901611
23814	96315	0.743672251701355
23814	482080	0.7418384552001953
23814	240137	0.7417332530021667
23814	331874	0.7389876842498779
23814	126860	0.7193100452423096
23814	368503	0.7183120250701904
23814	479622	0.7172197103500366
23814	202037	0.7166374325752258
23814	441155	0.705335259437561
23814	380737	0.6845912337303162
23814	169148	0.6700349450111389
28091	339191	0.601270318031311
28091	124431	0.561726450920105
28091	361323	0.5533965826034546
28091	175614	0.5267393589019775
28091	260251	0.5221410393714905
28091	390421	0.5155680179595947
28091	203327	0.5153124332427979
28091	417137	0.5151413083076477
28091	24525	0.5096475481987
28091	337500	0.5071218013763428
28091	237357	0.5020147562026978
28091	283110	0.50185227394104
28091	453053	0.49912726879119873
28091	43158	0.4989394545555115
28091	214879	0.49598440527915955
28091	352356	0.4954369068145752
28091	318806	0.4895690679550171
28091	204563	0.4894993305206299
28091	231035	0.48925164341926575
28091	303509	0.487217515707016
34581	202661	0.8357622027397156
34581	2461	0.745193362236023
34581	145646	0.555160403251648
34581	362895	0.5405665636062622
34581	454846	0.5383048057556152
34581	3886	0.537936806678772
34581	304486	0.5306835174560547
34581	336845	0.5295200943946838
34581	200594	0.5140742063522339
34581	328745	0.5125431418418884
34581	112178	0.512410044670105
34581	165842	0.5037692785263062
34581	26984	0.5024628639221191
34581	205765	0.49804407358169556
34581	349807	0.4966755211353302
34581	24525	0.4945429861545563
34581	380941	0.494209349155426
34581	368746	0.49406468868255615
34581	204091	0.49309873580932617
34581	453454	0.49134567379951477
46930	435524	0.4985697865486145
46930	478239	0.46122580766677856
46930	382247	0.4598020911216736
46930	158502	0.4568648338317871
46930	410923	0.4468795955181122
46930	326434	0.4440687894821167
46930	137926	0.4395444393157959
46930	282416	0.4366191327571869
46930	15548	0.43392160534858704
46930	26673	0.43019312620162964
46930	34800	0.42802366614341736
46930	178523	0.42587459087371826
46930	43778	0.4233969449996948
46930	215415	0.42251506447792053
46930	315651	0.4099896252155304
46930	476102	0.40857797861099243
46930	109808	0.40815800428390503
46930	305899	0.40783751010894775
46930	37756	0.4077206254005432
46930	72864	0.4056887626647949
51579	38210	0.6446019411087036
51579	40993	0.5567777752876282
51579	434311	0.5564632415771484
51579	308609	0.5342148542404175
51579	303727	0.5230511426925659
51579	23065	0.5187478065490723
51579	69662	0.5157192945480347
51579	272325	0.5118193626403809
51579	227005	0.5064041614532471
51579	10253	0.5001188516616821
51579	269962	0.4958859086036682
51579	327559	0.49377456307411194
51579	412978	0.4899303913116455
51579	157637	0.4886760413646698
51579	272331	0.4868674874305725
51579	352398	0.4844965934753418
51579	402	0.48118263483047485
51579	404075	0.4798036217689514
51579	146480	0.4741309881210327
51579	17176	0.4728875458240509
62560	304395	0.8112807273864746
62560	281387	0.7739852666854858
62560	417408	0.7324497103691101
62560	421930	0.7264291048049927
62560	116559	0.708879828453064
62560	330726	0.7039763927459717
62560	480838	0.699723482131958
62560	320875	0.652207612991333
62560	9384	0.6511653661727905
62560	193152	0.6344848275184631
62560	326480	0.6295739412307739
62560	301286	0.6268700361251831
62560	321093	0.6141214966773987
62560	409815	0.6105217337608337
62560	326334	0.6028872728347778
62560	155140	0.6019327640533447
62560	193710	0.6008239984512329
62560	462131	0.6001620292663574
62560	311225	0.5998902320861816
62560	26583	0.5986000895500183
96556	238803	0.5922300219535828
96556	39932	0.5656391382217407
96556	319608	0.5469085574150085
96556	232816	0.5446740388870239
96556	471958	0.5440952181816101
96556	333758	0.544073224067688
96556	446935	0.5412183403968811
96556	370128	0.5368476510047913
96556	123092	0.5365871787071228
96556	98294	0.5327597856521606
96556	325365	0.5292617678642273
96556	269137	0.5260790586471558
96556	286397	0.5250641107559204
96556	271722	0.5243812799453735
96556	208262	0.5243083238601685
96556	338048	0.5241177082061768
96556	157980	0.5214489698410034
96556	204760	0.5202028751373291
96556	50825	0.5194473266601562
96556	236708	0.519109845161438
97000	236153	0.941463828086853
97000	81546	0.8754655718803406
97000	163389	0.8751842975616455
97000	341809	0.8741695880889893
97000	369880	0.8740516901016235
97000	87354	0.8735244870185852
97000	27850	0.8732984662055969
97000	231444	0.8730504512786865
97000	45097	0.8728792667388916
97000	70162	0.8728543519973755
97000	381120	0.8722314238548279
97000	158882	0.8702521324157715
97000	67041	0.8678191304206848
97000	235778	0.8619617223739624
97000	15733	0.8597345352172852
97000	243582	0.8593970537185669
97000	2004	0.8292072415351868
97000	109267	0.8196367025375366
97000	166079	0.8184171915054321
97000	187686	0.8174298405647278
105587	55867	0.6557155847549438
105587	186841	0.6525305509567261
105587	416100	0.6376690864562988
105587	449808	0.6347233057022095
105587	375759	0.6208159327507019
105587	316080	0.6198347210884094
105587	451803	0.6177377104759216
105587	265317	0.6168920993804932
105587	211874	0.6168696880340576
105587	190687	0.614965558052063
105587	173738	0.6126439571380615
105587	261253	0.6105179190635681
105587	350017	0.6067643165588379
105587	88733	0.6057751178741455
105587	106766	0.6051590442657471
105587	98540	0.6036706566810608
105587	288283	0.6035512685775757
105587	194943	0.5966663360595703
105587	444544	0.5939518213272095
105587	303509	0.5899065732955933
109969	91888	0.7360630035400391
109969	446859	0.7012247443199158
109969	186082	0.6741703748703003
109969	228141	0.6427680850028992
109969	138732	0.6355367302894592
109969	125419	0.6325526237487793
109969	204313	0.6248756647109985
109969	165339	0.6236412525177002
109969	167326	0.62349933385849
109969	433769	0.6134427785873413
109969	155977	0.6091818809509277
109969	421094	0.6066693067550659
109969	412753	0.6057848930358887
109969	472771	0.6017035245895386
109969	449230	0.590752363204956
109969	34133	0.5793315172195435
109969	277971	0.5779552459716797
109969	328009	0.5732079744338989
109969	205908	0.5691630244255066
109969	304828	0.5687975287437439
130887	283813	0.9069979190826416
130887	439954	0.8732694387435913
130887	211238	0.8696624040603638
130887	359584	0.8693904876708984
130887	307277	0.8678415417671204
130887	208119	0.8676353693008423
130887	371383	0.8655894994735718
130887	35743	0.8643609285354614
130887	130009	0.8638346195220947
130887	368611	0.863717794418335
130887	141143	0.8625898361206055
130887	253233	0.814249575138092
130887	178342	0.8132856488227844
130887	128065	0.8089882135391235
130887	317184	0.8089268803596497
130887	126432	0.8063706755638123
130887	254385	0.8052278757095337
130887	403681	0.8029269576072693
130887	134935	0.7944841980934143
130887	6440	0.7922849059104919
147430	131500	0.4893801212310791
147430	466071	0.48931390047073364
147430	278026	0.47860151529312134
147430	33480	0.46889522671699524
147430	256023	0.4595600962638855
147430	226915	0.45142632722854614
147430	81277	0.4502616226673126
147430	280830	0.44997647404670715
147430	75192	0.4492410123348236
147430	154853	0.44811755418777466
147430	475862	0.44794660806655884
147430	331498	0.4448782801628113
147430	414898	0.4427054822444916
147430	294896	0.43949735164642334
147430	136900	0.43780314922332764
147430	275835	0.43291008472442627
147430	344910	0.432887464761734
147430	3860	0.43127644062042236
147430	363094	0.4285782277584076
147430	162238	0.42690351605415344
157489	287414	0.9355158805847168
157489	306819	0.9322014451026917
157489	338972	0.931695818901062
157489	422806	0.929292619228363
157489	327373	0.8969284892082214
157489	266592	0.8780592083930969
157489	18476	0.8461657762527466
157489	445539	0.815933346748352
157489	341111	0.7961607575416565
157489	339860	0.7710268497467041
157489	124580	0.7706461548805237
157489	184014	0.760985791683197
157489	311473	0.7499408721923828
157489	213638	0.748497486114502
157489	51799	0.7467522621154785
157489	70429	0.7435247898101807
157489	434318	0.7422574758529663
157489	85445	0.7412084341049194
157489	333163	0.739500880241394
157489	465032	0.7386858463287354
170901	365398	0.7835025787353516
170901	472510	0.7663455009460449
170901	279499	0.7641255855560303
170901	198148	0.7580756545066833
170901	77041	0.7401331067085266
170901	301907	0.7357248067855835
170901	454481	0.7327743172645569
170901	44900	0.7229409217834473
170901	35733	0.712787926197052
170901	474182	0.7079142332077026
170901	293784	0.7033905982971191
170901	109905	0.7025328874588013
170901	46228	0.6897100210189819
170901	438549	0.688010573387146
170901	19911	0.6866891384124756
170901	416100	0.6857849359512329
170901	184447	0.6817715167999268
170901	252784	0.6813360452651978
170901	169597	0.6770818829536438
170901	422784	0.6727663278579712
178244	245989	0.8681002855300903
178244	340511	0.867979884147644
178244	172245	0.865185022354126
178244	10104	0.8651328086853027
178244	64343	0.8651064038276672
178244	124686	0.8651012778282166
178244	36751	0.8629706501960754
178244	146211	0.8620339035987854
178244	428793	0.8618743419647217
178244	158018	0.8599762916564941
178244	318905	0.8590574860572815
178244	129658	0.8589963316917419
178244	339813	0.8521989583969116
178244	50809	0.8464588522911072
178244	383330	0.8397903442382812
178244	484366	0.812361478805542
178244	13245	0.7954342365264893
178244	269599	0.7890273332595825
178244	150176	0.7849763631820679
178244	399651	0.772162675857544
180411	460994	0.9214454889297485
180411	233586	0.9173308610916138
180411	103444	0.892544150352478
180411	248147	0.8847862482070923
180411	164486	0.8846933841705322
180411	421963	0.8761416673660278
180411	397151	0.8761405348777771
180411	389630	0.8719420433044434
180411	7617	0.8703383207321167
180411	473158	0.8612352013587952
180411	16841	0.8551884293556213
180411	318033	0.8543985486030579
180411	417490	0.8478479385375977
180411	435691	0.834964394569397
180411	479769	0.832120954990387
180411	331172	0.8313987851142883
180411	230077	0.8313285112380981
180411	34521	0.8308896422386169
180411	369046	0.828098714351654
180411	62436	0.8252506852149963
188481	375157	0.9968576431274414
188481	373812	0.9968175292015076
188481	226036	0.9968031644821167
188481	88885	0.996799111366272
188481	359962	0.9967985153198242
188481	406065	0.9967180490493774
188481	270456	0.9966660141944885
188481	152103	0.996657133102417
188481	281328	0.9966453909873962
188481	25399	0.9966073632240295
188481	152084	0.9965732097625732
188481	262089	0.9965625405311584
188481	109499	0.9965478181838989
188481	122963	0.9965355396270752
188481	113810	0.996531069278717
188481	476647	0.9965294599533081
188481	442064	0.9965280294418335
188481	154409	0.9965122938156128
188481	468301	0.9965121746063232
188481	72139	0.9964970350265503
194912	33573	0.898578941822052
194912	444873	0.8969296216964722
194912	12995	0.863506555557251
194912	253284	0.8476824760437012
194912	477582	0.8286438584327698
194912	283031	0.8266454339027405
194912	425562	0.824723482131958
194912	260556	0.8228805661201477
194912	165733	0.8099679946899414
194912	241379	0.7949429750442505
194912	277597	0.7905591130256653
194912	69492	0.7885380983352661
194912	409910	0.7854572534561157
194912	232526	0.7499727010726929
194912	404648	0.7399758100509644
194912	349897	0.7377550601959229
194912	485335	0.7373223304748535
194912	279303	0.7366125583648682
194912	302989	0.7326483130455017
194912	328706	0.7317233681678772
198100	158627	0.999991774559021
198100	34574	0.9999910593032837
198100	149154	0.9999910593032837
198100	60655	0.999990701675415
198100	53153	0.9999906420707703
198100	473253	0.9999904632568359
198100	371012	0.9999894499778748
198100	391453	0.9999885559082031
198100	3380	0.9999879598617554
198100	175904	0.9999845623970032
198100	307340	0.9999787211418152
198100	73433	0.9999764561653137
198100	259817	0.9999639391899109
198100	163267	0.9998617172241211
198100	170611	0.9997903108596802
198100	419503	0.9997391104698181
198100	129848	0.9995928406715393
198100	464978	0.9995916485786438
198100	318752	0.9995889663696289
198100	40493	0.9995859265327454
209500	215415	0.7856541275978088
209500	461238	0.5411497950553894
209500	410923	0.4950803816318512
209500	76574	0.4927027225494385
209500	43778	0.4877386689186096
209500	435524	0.48615413904190063
209500	413605	0.45853298902511597
209500	478239	0.4496140480041504
209500	314991	0.44067686796188354
209500	219503	0.43602046370506287
209500	326434	0.4334957003593445
209500	441543	0.4325741231441498
209500	186809	0.43048912286758423
209500	47365	0.43032240867614746
209500	211182	0.4276149570941925
209500	448591	0.42750412225723267
209500	137926	0.42536377906799316
209500	238152	0.42447149753570557
209500	127536	0.42425835132598877
209500	282416	0.4218457043170929
215415	209500	0.7856541872024536
215415	413605	0.5057879090309143
215415	43778	0.4992135167121887
215415	76574	0.48301762342453003
215415	435524	0.4815744161605835
215415	34800	0.4729851484298706
215415	435390	0.47030261158943176
215415	248629	0.46873337030410767
215415	326434	0.4594900608062744
215415	343633	0.45491188764572144
215415	476102	0.45194002985954285
215415	137926	0.45034119486808777
215415	303278	0.447735995054245
215415	409410	0.447083979845047
215415	474195	0.44654032588005066
215415	478239	0.4457186162471771
215415	326204	0.4452037811279297
215415	282416	0.4434543550014496
215415	392703	0.44279056787490845
215415	392278	0.4424799978733063
238209	467751	0.9638825058937073
238209	52587	0.9636373519897461
238209	384169	0.9623773097991943
238209	50297	0.9599781632423401
238209	67802	0.9594168663024902
238209	353553	0.9579949378967285
238209	268638	0.9569408893585205
238209	40115	0.9560892581939697
238209	195258	0.9551186561584473
238209	224417	0.9542770385742188
238209	465635	0.9541600942611694
238209	319041	0.9541465044021606
238209	417350	0.9532963037490845
238209	472034	0.9398902654647827
238209	445678	0.9369000792503357
238209	13805	0.9357936382293701
238209	375490	0.9352734088897705
238209	340006	0.923626720905304
238209	428339	0.921724796295166
238209	239218	0.9213982820510864
246035	281855	0.8981116414070129
246035	421575	0.895352840423584
246035	394726	0.711141049861908
246035	220030	0.7053651213645935
246035	58625	0.6725479364395142
246035	200049	0.6725479364395142
246035	436834	0.6598522663116455
246035	407076	0.6446467041969299
246035	293127	0.6370586156845093
246035	457255	0.6331455707550049
246035	471762	0.6325785517692566
246035	424266	0.631775438785553
246035	246931	0.628567099571228
246035	182035	0.6243196725845337
246035	108637	0.6235896348953247
246035	425767	0.6210817694664001
246035	387833	0.6191712617874146
246035	164130	0.6126938462257385
246035	199518	0.609520435333252
246035	364852	0.6073197722434998
247997	263285	0.9980947971343994
247997	39472	0.9817884564399719
247997	109267	0.9800788164138794
247997	168331	0.9653539657592773
247997	200145	0.934511661529541
247997	6062	0.9330675005912781
247997	145261	0.9264111518859863
247997	231444	0.9220106601715088
247997	163389	0.9202556014060974
247997	158882	0.9194650650024414
247997	381120	0.9190058708190918
247997	70162	0.9186801314353943
247997	341809	0.9179370403289795
247997	369880	0.9179345965385437
247997	87354	0.9176703691482544
247997	45097	0.9176120758056641
247997	27850	0.9176075458526611
247997	81546	0.9170746207237244
247997	67041	0.9103068113327026
247997	235778	0.9072222709655762
261419	3684	0.8140432834625244
261419	302175	0.7561407089233398
261419	342947	0.7211683988571167
261419	288910	0.7188643217086792
261419	311689	0.7145670652389526
261419	56981	0.7138664126396179
261419	84254	0.7126386165618896
261419	109561	0.6899155378341675
261419	472401	0.6850359439849854
261419	400111	0.6833521127700806
261419	206919	0.6805839538574219
261419	461960	0.6733396053314209
261419	23544	0.6711085438728333
261419	10106	0.670357882976532
261419	438558	0.6525422930717468
261419	336853	0.651683509349823
261419	125814	0.6498928666114807
261419	193163	0.6462355852127075
261419	172504	0.6418569087982178
261419	432677	0.6362495422363281
276555	391952	0.719788134098053
276555	172401	0.5766434073448181
276555	236990	0.5664583444595337
276555	209434	0.5370896458625793
276555	76595	0.5210119485855103
276555	128316	0.5178580284118652
276555	226968	0.5146650075912476
276555	384636	0.511947512626648
276555	291244	0.5078683495521545
276555	340958	0.5034825205802917
276555	356654	0.4962291121482849
276555	178883	0.49511998891830444
276555	105418	0.49404576420783997
276555	121572	0.4939989149570465
276555	208107	0.4883106052875519
276555	341755	0.48583802580833435
276555	103188	0.48480644822120667
276555	218695	0.483272522687912
276555	33635	0.48220664262771606
276555	432800	0.47735562920570374
279555	204449	0.9659546613693237
279555	90387	0.9628801345825195
279555	438299	0.9516196846961975
279555	310811	0.9441851377487183
279555	423534	0.942602276802063
279555	90523	0.9382010698318481
279555	400628	0.9362428188323975
279555	77053	0.93389892578125
279555	15418	0.9329158067703247
279555	110963	0.9323297739028931
279555	86110	0.9320549368858337
279555	58313	0.9318529963493347
279555	243027	0.9304313659667969
279555	260767	0.9278061389923096
279555	203638	0.9264127016067505
279555	180681	0.9259864687919617
279555	345986	0.9244991540908813
279555	433868	0.9174059629440308
279555	331722	0.9155227541923523
279555	480018	0.9145848155021667
281603	330112	0.6316657662391663
281603	471177	0.6160424947738647
281603	133603	0.6141866445541382
281603	116088	0.610503613948822
281603	265047	0.6077829599380493
281603	148292	0.6035680770874023
281603	306370	0.5860918760299683
281603	318806	0.5751861333847046
281603	420595	0.5724561810493469
281603	343494	0.5701681971549988
281603	337500	0.5697157979011536
281603	338896	0.5692650079727173
281603	458554	0.5690295696258545
281603	478488	0.5686867237091064
281603	432317	0.5682194232940674
281603	237357	0.5661805272102356
281603	308145	0.5644536018371582
281603	237533	0.5548993349075317
281603	111898	0.554845929145813
281603	416100	0.5536175966262817
286775	55675	0.7929003238677979
286775	37953	0.7019076943397522
286775	118348	0.70186448097229
286775	474217	0.6526378393173218
286775	236506	0.6514905095100403
286775	412702	0.6420555710792542
286775	147327	0.6315184831619263
286775	477836	0.570358395576477
286775	245007	0.5513527989387512
286775	9798	0.5466582775115967
286775	99229	0.5414766073226929
286775	360360	0.5388737916946411
286775	283605	0.5370370149612427
286775	394091	0.517981767654419
286775	97718	0.5176613330841064
286775	163083	0.5168734788894653
286775	277287	0.5129863023757935
286775	477967	0.4944084882736206
286775	159578	0.4884765148162842
286775	354120	0.4868044853210449
299355	127044	0.6915135383605957
299355	375974	0.6843575239181519
299355	107822	0.6821503639221191
299355	171904	0.6774497628211975
299355	406689	0.6705107688903809
299355	179337	0.6532520055770874
299355	262238	0.6506341099739075
299355	101449	0.6453596353530884
299355	66660	0.645341157913208
299355	420509	0.6432511210441589
299355	313846	0.6391255855560303
299355	479773	0.6374279856681824
299355	427765	0.6357501745223999
299355	77298	0.6312301158905029
299355	322635	0.6237887144088745
299355	288737	0.6209016442298889
299355	312855	0.61986243724823
299355	10234	0.6086176633834839
299355	269459	0.6077756881713867
299355	278149	0.602950394153595
303297	202749	0.5763776302337646
303297	29475	0.5440567135810852
303297	96811	0.535197377204895
303297	203470	0.5298280715942383
303297	447545	0.5103042125701904
303297	280582	0.5022045969963074
303297	405134	0.5015110969543457
303297	349845	0.4704500436782837
303297	55867	0.4696442186832428
303297	240729	0.46781980991363525
303297	277555	0.4667944312095642
303297	412648	0.46396487951278687
303297	226340	0.46127185225486755
303297	190143	0.4591456353664398
303297	195729	0.45670846104621887
303297	468974	0.4565959572792053
303297	51991	0.4534353017807007
303297	190360	0.4517729878425598
303297	163325	0.44726163148880005
303297	111053	0.44478660821914673
309796	381153	0.6447792053222656
309796	174799	0.644626259803772
309796	219211	0.6253487467765808
309796	305106	0.6244755387306213
309796	348868	0.6177054643630981
309796	307629	0.6135390996932983
309796	289324	0.6085772514343262
309796	468162	0.6060829162597656
309796	192985	0.6033786535263062
309796	273007	0.6017379760742188
309796	240447	0.5989473462104797
309796	251559	0.598017156124115
309796	367893	0.5955185890197754
309796	172367	0.593826413154602
309796	143435	0.5891396999359131
309796	256542	0.5886551141738892
309796	78915	0.5883389115333557
309796	437789	0.5871676206588745
309796	105804	0.5828344225883484
309796	172873	0.5784704685211182
322697	219824	0.8368696570396423
322697	207034	0.6959303021430969
322697	418016	0.6665645837783813
322697	190312	0.6590030789375305
322697	320245	0.6589647531509399
322697	91797	0.6532938480377197
322697	455990	0.6497960090637207
322697	200159	0.6455323100090027
322697	5643	0.6346219778060913
322697	56531	0.6202871203422546
322697	349500	0.6116968989372253
322697	402447	0.6116941571235657
322697	201333	0.6116828322410583
322697	291320	0.6061595678329468
322697	24311	0.6046804189682007
322697	265220	0.6033216118812561
322697	258528	0.6030426621437073
322697	169683	0.6017237901687622
322697	28343	0.5982415676116943
322697	461012	0.5982413291931152
358093	308626	0.8012872338294983
358093	247957	0.8009374141693115
358093	152190	0.7548142671585083
358093	76562	0.6976685523986816
358093	368128	0.6968502998352051
358093	112294	0.6783612966537476
358093	226971	0.6342353224754333
358093	296304	0.6341096758842468
358093	79938	0.6278350353240967
358093	177415	0.6212736368179321
358093	324008	0.6169806122779846
358093	220410	0.6119269132614136
358093	122106	0.6107317209243774
358093	229090	0.6092678308486938
358093	409154	0.6007298231124878
358093	444885	0.6001005172729492
358093	105483	0.5995733141899109
358093	388451	0.5987218618392944
358093	270666	0.598307728767395
358093	146079	0.5968751311302185
367410	748	0.9989990592002869
367410	196349	0.6873011589050293
367410	145910	0.6118457913398743
367410	47385	0.5961363911628723
367410	102155	0.5948293209075928
367410	327685	0.5835497379302979
367410	315030	0.5788801908493042
367410	270971	0.5737124681472778
367410	335307	0.5677980184555054
367410	130546	0.5645653009414673
367410	389096	0.5640196800231934
367410	13071	0.5633964538574219
367410	359702	0.5611931085586548
367410	296654	0.558111310005188
367410	306429	0.555764377117157
367410	4292	0.5554829835891724
367410	121784	0.5554566979408264
367410	221025	0.5544655323028564
367410	266701	0.554111123085022
367410	192511	0.5515719056129456
373991	53235	0.9480623602867126
373991	343374	0.930321455001831
373991	394407	0.8499166965484619
373991	50655	0.8498929142951965
373991	325334	0.8386550545692444
373991	291048	0.8369122743606567
373991	257663	0.8349077701568604
373991	61093	0.8343200087547302
373991	289107	0.8289140462875366
373991	251719	0.8118596076965332
373991	474569	0.8093500137329102
373991	221363	0.7992814779281616
373991	252319	0.7984269261360168
373991	140074	0.7983310222625732
373991	205893	0.7979321479797363
373991	297029	0.7973076105117798
373991	80459	0.7963094711303711
373991	151193	0.7913134694099426
373991	100011	0.7912209033966064
373991	396102	0.7794219255447388
378273	102104	0.9063882827758789
378273	167234	0.9049814939498901
378273	108201	0.8839037418365479
378273	64731	0.8825337290763855
378273	84841	0.8793405294418335
378273	128018	0.8792440891265869
378273	420164	0.8778128027915955
378273	29772	0.8777724504470825
378273	103718	0.8479067087173462
378273	101229	0.7599877715110779
378273	65601	0.759067177772522
378273	281957	0.7276479005813599
378273	224152	0.7109670639038086
378273	435898	0.6941704750061035
378273	201214	0.6859136819839478
378273	208940	0.6799960732460022
378273	247557	0.6709868907928467
378273	328733	0.6568970084190369
378273	143220	0.6521365642547607
378273	126348	0.6498253345489502
397450	8994	0.8975006937980652
397450	316932	0.8974032402038574
397450	43432	0.8947845101356506
397450	368368	0.8946692943572998
397450	216508	0.8946000337600708
397450	27061	0.8915905952453613
397450	72125	0.87508624792099
397450	480764	0.8721762299537659
397450	318288	0.8698322772979736
397450	240062	0.8689817786216736
397450	233018	0.8672705292701721
397450	375068	0.863974928855896
397450	264192	0.8638216853141785
397450	341888	0.8637651205062866
397450	407486	0.8634341359138489
397450	362526	0.8583520650863647
397450	93547	0.8491047620773315
397450	212039	0.8482202291488647
397450	146613	0.8471644520759583
397450	262670	0.8470973372459412
400484	51036	0.6822402477264404
400484	36322	0.6787304878234863
400484	227878	0.6706305742263794
400484	399944	0.6678712368011475
400484	230640	0.6490088701248169
400484	320184	0.6466372013092041
400484	287343	0.6443108320236206
400484	416181	0.6431292295455933
400484	266283	0.642570972442627
400484	408652	0.6402733325958252
400484	271843	0.6382851004600525
400484	415802	0.6346004605293274
400484	362654	0.6300743222236633
400484	45295	0.6111681461334229
400484	240485	0.5809966325759888
400484	57359	0.5797027945518494
400484	134287	0.5754290223121643
400484	167172	0.569911003112793
400484	368810	0.5699065923690796
400484	227298	0.5633017420768738
402272	257815	0.7980244159698486
402272	417673	0.70186448097229
402272	120509	0.6592897176742554
402272	427910	0.6552172899246216
402272	117229	0.6079015731811523
402272	29052	0.6077924966812134
402272	440358	0.6025933027267456
402272	115127	0.6023678183555603
402272	469651	0.5924187898635864
402272	187857	0.5902056694030762
402272	42798	0.5897789597511292
402272	405134	0.5831529498100281
402272	6320	0.5780371427536011
402272	389212	0.5770776867866516
402272	164239	0.5764455795288086
402272	162946	0.5752295255661011
402272	158139	0.5729089975357056
402272	436240	0.572190523147583
402272	251140	0.5696454048156738
402272	456782	0.5691437125205994
408519	163456	0.9281066060066223
408519	437380	0.8145909309387207
408519	29992	0.7594161629676819
408519	459156	0.7547501921653748
408519	156614	0.7383465766906738
408519	223554	0.7270114421844482
408519	362369	0.7210842370986938
408519	189785	0.7170984745025635
408519	233149	0.7160387635231018
408519	479265	0.7123174667358398
408519	11582	0.7068772912025452
408519	268094	0.7030371427536011
408519	87722	0.7015252113342285
408519	414421	0.7010259628295898
408519	88774	0.6965142488479614
408519	395337	0.6953932046890259
408519	207839	0.693832278251648
408519	189769	0.686296820640564
408519	232169	0.6859928965568542
408519	100498	0.6859512329101562
430604	320513	0.5534803867340088
430604	433471	0.5361881852149963
430604	151456	0.529805600643158
430604	203164	0.5259088277816772
430604	241159	0.5237753391265869
430604	436658	0.5215697288513184
430604	84909	0.5187250375747681
430604	336972	0.5182561874389648
430604	477988	0.5176935195922852
430604	86970	0.5087088346481323
430604	459795	0.5033020973205566
430604	308118	0.5020458698272705
430604	441509	0.4986298680305481
430604	259777	0.4983029067516327
430604	42451	0.4980615973472595
430604	60376	0.49770355224609375
430604	485584	0.4970989227294922
430604	381853	0.4963321387767792
430604	399579	0.49609559774398804
430604	17133	0.4937753677368164
453004	209424	0.8173221945762634
453004	211091	0.7028058171272278
453004	172154	0.6532608866691589
453004	432147	0.6454956531524658
453004	273007	0.599912166595459
453004	273624	0.5969448089599609
453004	105678	0.5915329456329346
453004	464059	0.5838939547538757
453004	407627	0.5838714838027954
453004	139720	0.5837591886520386
453004	459313	0.5773810148239136
453004	283444	0.5719939470291138
453004	12108	0.5706398487091064
453004	392350	0.5680946707725525
453004	472955	0.5666809678077698
453004	128892	0.5660406351089478
453004	342610	0.5637928247451782
453004	483753	0.5617843866348267
453004	454022	0.5589615106582642
453004	452456	0.558754563331604
454748	312796	0.5120558142662048
454748	125936	0.5119754076004028
454748	50092	0.5054380893707275
454748	482630	0.49274739623069763
454748	407862	0.48439550399780273
454748	182896	0.48190560936927795
454748	34800	0.47656384110450745
454748	37829	0.47335508465766907
454748	71781	0.4722209572792053
454748	111269	0.471708744764328
454748	374975	0.46910160779953003
454748	315141	0.46585240960121155
454748	332866	0.4635573923587799
454748	413605	0.46162909269332886
454748	164009	0.45493388175964355
454748	303278	0.4543931782245636
454748	382247	0.4498225450515747
454748	376145	0.4423810541629791
454748	345137	0.43960708379745483
454748	182126	0.43907463550567627
462743	382288	0.9662715196609497
462743	477139	0.9651133418083191
462743	443485	0.914594292640686
462743	351788	0.8882519006729126
462743	475206	0.8655766844749451
462743	186970	0.8598183989524841
462743	3793	0.8567732572555542
462743	397751	0.8325320482254028
462743	342664	0.8267054557800293
462743	107700	0.8206983804702759
462743	290879	0.8138476610183716
462743	423698	0.8136541843414307
462743	48322	0.8127423524856567
462743	362994	0.8125823736190796
462743	154480	0.8108406066894531
462743	313150	0.8103400468826294
462743	417953	0.8043739795684814
462743	133582	0.8040308952331543
462743	455777	0.801190972328186
462743	39012	0.8010678291320801
464543	385358	0.6620045900344849
464543	172603	0.6608605980873108
464543	410013	0.6284873485565186
464543	448156	0.6276698112487793
464543	93211	0.6119847297668457
464543	55047	0.6107844710350037
464543	366437	0.6098278760910034
464543	244734	0.5918796062469482
464543	215142	0.5911977291107178
464543	330873	0.5905381441116333
464543	181241	0.5900397300720215
464543	284553	0.589436948299408
464543	327761	0.588862419128418
464543	143652	0.5853230953216553
464543	281664	0.5799731016159058
464543	170511	0.579326868057251
464543	41914	0.5770780444145203
464543	266750	0.5770502090454102
464543	305455	0.5757220983505249
464543	417788	0.5691654682159424